Output1: develop.txt
Output2: test.txt
Output3: the
Output4: output.txt
Output5: 300000
Output6: 3.33333333333e-06
Output7: 415148
Output8: 41515
Output9: 373633
Output10: 18976
Output11: 22461
Output12: 0.0601151397227
Output13: 0.0
Output14: 0.0556473330971
Output15: 2.4774981233e-07
Output16: 1442.53060255
Output17: 1401.54333506
Output18: 2067.10697783
Output19: 0.06
Output20: 1390.83767148
Output21: 13364
Output22: 14406
Output23: 0.0604507308237
Output24: 2.05401237172e-07
Output25: 13760
Output26: 1500.1407479
Output27: 1610.12409528
Output28: L
0	286636	12221
1	5870	4137
2	2001	3146
3	1080	2703
4	663	2292
5	485	2182
6	322	1784
7	303	1979
8	213	1648
9	187	1490
